80
43
124
109
82
164
148
160
110
211
259
79
89
188
139
164
44
51
56
189
50
156
160
147
238
254
215
138
142
188
100
189
40
8
50
129
97
138
169
107
136
174
229
166
48
164
128
79
102
207
180
249
170
209
171
225
207
14
163
84
132
215
70
78
184
27
257
90
179
81
222
217
70
181
140
136
258
135
149
34
149
78
161
204
168
116
141
164
145
143
218
210
223
127
71
44
102
124
120
108
227
192
75
208
188
145
73
9
136
109
240
4
169
39
221
62
143
166
214
39
50
35
85
198
78
228
59
181
193
106
26
35
177
84
20
207
91
125
115
107
174
150
129
142
104
102
11
48
41
213
252
186
255
106
16
187
4
161
121
71
27
257
211
14
134
190
92
199
223
34
130
44
133
216
50
150
11
95
204
46
197
46
210
85
39
54
22
143
215
97
158
112
78
142
36
256
82
231
97
39
165
191
242
168
165
37
107
152
99
81
236
125
233
199
118
192
242
73
124
208
259
217
241
51
83
24
104
167
47
228
88
187
228
37
109
206
125
164
110
130
243
113
244
219
19
9
58
184
21
38
219
106
40
169
219
253
18
151
208
20
98
112
131
203
61
244
191
113
22
243
14
106
153
231
160
116
15
214
257
170
171
105
223
49
244
148
251
184
243
85
125
190
36
96
255
248
53
179
20
162
201
245
63
165
46
56
201
142
89
233
157
96
72
47
85
187
4
150
82
137
183
251
76
118
191
152
197
108
11
43
254
174
100
207
253
199
170
150
44
99
17
251
160
67
179
13
69
16
104
83
5
178
5
207
199
208
124
241
112
195
118
144
196
34
62
116
15
258
72
171
160
190
7
27
39
150
196
13
153
180
110
112
65
17
70
156
188
129
227
174
46
63
183
254
123
112
191
87
32
116
50
63
57
189
76
205
30
61
214
64
199
122
6
57
171
207
56
198
257
55
199
221
119
191
156
184
103
163
217
183
179
205
32
90
203
82
222
92
130
136
106
89
9
186
106
44
244
176
201
17
226
91
173
65
245
253
213
192
35
166
241
259
112
228
136
76
93
246
224
239
16
127
97
214
153
84
110
228
258
130
173
142
181
86
247
50
39
139
54
50
25
169
182
229
71
174
192
35
255
19
229
222
251
58
86
50
124
7
256
217
47
61
55
53
22
193
109
254
60
33
83
242
187
14
114
99
241
25
174
14
145
159
203
185
20
182
162
172
79
163
95
130
39
60
247
182
81
9
140
68
170
161
255
34
7
120
63
157
73
75
113
46
238
112
166
154
232
181
121
20
165
140
125
87
218
33
147
232
111
20
45
206
252
108
42
238
217
103
186
172
245
205
140
81
252
194
63
40
94
34
168
42
101
15
22
38
9
224
101
116
116
74
252
104
87
116
168
24
127
234
158
26
248
14
20
34
45
116
164
221
73
117
123
259
188
21
246
80
237
107
88
31
57
163
60
50
61
156
74
223
29
233
212
121
144
219
96
57
232
122
67
11
117
166
60
5
10
163
240
91
118
129
135
78
128
31
97
241
5
208
234
164
80
127
114
152
241
45
181
165
82
258
29
21
174
25
216
230
104
175
9
105
159
42
30
42
161
56
247
223
139
114
200
237
168
243
48
208
90
230
123
89
13
210
134
112
60
25
35
63
38
211
79
255
102
81
247
255
108
199
96
113
161
123
211
37
92
181
194
248
5
241
102
15
83
83
251
219
93
82
62
41
227
71
227
185
207
5
127
60
170
224
215
161
170
239
77
180
212
259
179
104
105
64
50
14
8
221
128
83
52
211
157
104
161
191
185
80
138
223
89
166
208
33
84
50
257
16
83
220
115
149
40
169
93
60
80
103
39
173
22
70
179
20
45
162
103
144
126
127
176
16
63
56
86
248
180
113
136
212
196
236
46
229
15
48
141
13
26
23
35
22
197
135
254
127
32
35
238
181
60
73
22
139
167
44
56
92
185
244
250
37
12
58
108
139
77
202
208
82
12
155
168
99
171
116
201
259
211
175
212
35
37
22
186
227
174
184
31
122
87
214
115
96
75
103
173
42
78
18
206
179
119
111
80
244
168
231
38
38
90
225
213
245
17
51
205
61
182
239
180
221
214
238
178
162
97
119
125
120
148
145
132
226
57
249
177
10
21
88
91
34
43
151
150
232
53
43
209
245
85
87
160
132
64
132
142
79
91
53
42
215
169
247
37
122
247
101
106
203
13
195
33
129
107
231
115
181
125
124
81
94
250
168
170
113
167
5
51
104
