15
25
15
44
48
54
24
5
44
8
49
57
44
61
36
39
22
26
25
62
58
41
54
59
67
15
61
55
53
47
65
14
64
51
14
32
8
46
35
13
12
64
37
8
25
11
36
6
67
44
37
44
61
58
60
11
14
51
17
24
18
4
55
13
5
58
10
36
27
26
13
17
28
49
54
51
57
63
29
67
43
9
64
49
64
31
55
21
39
49
47
57
52
18
7
36
14
23
19
24
36
26
48
8
9
12
14
26
55
41
13
55
10
43
58
58
66
28
26
62
48
7
31
42
32
65
32
65
50
66
57
57
8
13
27
7
25
11
22
7
64
62
53
11
59
47
17
48
36
8
4
61
27
19
48
40
58
13
24
58
35
14
17
9
33
23
30
28
24
4
42
6
44
4
36
24
36
55
57
50
17
38
8
14
53
13
57
5
44
21
56
60
45
55
11
20
17
42
22
10
12
54
52
59
44
26
5
10
9
13
34
66
7
56
9
38
23
7
21
22
47
6
32
22
23
22
26
29
7
25
32
18
41
30
16
24
60
62
37
66
15
10
57
45
28
5
11
57
23
60
65
20
33
38
45
14
22
19
51
46
11
45
19
38
7
50
35
6
25
54
4
65
22
65
52
27
31
30
33
63
24
36
38
65
50
67
64
15
26
62
23
21
59
10
34
33
17
44
48
58
58
55
17
67
19
43
30
36
47
17
8
10
25
33
12
7
36
56
59
32
48
43
52
55
15
17
65
48
67
65
36
59
20
42
58
54
59
29
31
15
60
28
27
37
37
31
60
22
33
28
36
52
10
48
24
28
11
17
49
61
16
32
30
12
20
50
36
20
39
52
18
16
54
11
7
56
5
32
6
63
33
66
67
4
6
40
54
14
66
60
21
67
38
30
49
17
49
14
57
24
22
23
15
42
31
32
66
53
20
47
54
11
44
45
31
64
43
23
58
41
64
37
42
53
26
44
35
16
45
64
27
34
33
38
7
33
28
30
15
24
8
65
46
15
40
13
56
12
34
18
54
11
61
64
5
63
33
58
27
52
44
14
45
43
8
4
19
4
27
27
65
31
47
4
52
67
66
43
32
25
34
12
22
44
10
51
62
32
67
38
32
38
5
4
6
40
60
14
17
4
