0.0
0.003125
0.0048046875
0.0096484375
0.01390625
0.017109375
0.023515625
0.029296875
0.035546875
0.03984375
0.0480859375
0.058203125
0.0612890625
0.064765625
0.072109375
0.0775390625
0.0839453125
0.0856640625
0.08765625
0.08984375
0.0972265625
0.0991796875
0.1052734375
0.1115234375
0.117265625
0.1265625
0.136484375
0.1448828125
0.1502734375
0.1558203125
0.1631640625
0.1670703125
0.174453125
0.176015625
0.176328125
0.17828125
0.1833203125
0.187109375
0.1925
0.1991015625
0.20328125
0.20859375
0.215390625
0.2243359375
0.2308203125
0.2326953125
0.2391015625
0.2441015625
0.2471875
0.251171875
0.2592578125
0.2662890625
0.276015625
0.28265625
0.2908203125
0.2975
0.3062890625
0.314375
0.314921875
0.3212890625
0.3245703125
0.3297265625
0.338125
0.340859375
0.34390625
0.35109375
0.3521484375
0.3621875
0.365703125
0.3726953125
0.375859375
0.38453125
0.3930078125
0.3957421875
0.4028125
0.40828125
0.41359375
0.423671875
0.4289453125
0.434765625
0.43609375
0.4419140625
0.4449609375
0.45125
0.45921875
0.46578125
0.4703125
0.4758203125
0.4822265625
0.487890625
0.4934765625
0.5019921875
0.5101953125
0.51890625
0.5238671875
0.526640625
0.528359375
0.53234375
0.5371875
0.541875
0.54609375
0.5549609375
0.5624609375
0.565390625
0.573515625
0.580859375
0.5865234375
0.589375
0.5897265625
0.5950390625
0.599296875
0.608671875
0.608828125
0.6154296875
0.616953125
0.6255859375
0.6280078125
0.63359375
0.640078125
0.6484375
0.6499609375
0.6519140625
0.65328125
0.6566015625
0.6643359375
0.6673828125
0.6762890625
0.67859375
0.6856640625
0.693203125
0.69734375
0.698359375
0.6997265625
0.706640625
0.709921875
0.710703125
0.7187890625
0.72234375
0.7272265625
0.73171875
0.7358984375
0.7426953125
0.7485546875
0.75359375
0.759140625
0.763203125
0.7671875
0.7676171875
0.7694921875
0.77109375
0.7794140625
0.7892578125
0.7965234375
0.806484375
0.810625
0.81125
0.8185546875
0.8187109375
0.825
0.8297265625
0.8325
0.8335546875
0.84359375
0.8518359375
0.8523828125
0.8576171875
0.8650390625
0.8686328125
0.87640625
0.8851171875
0.8864453125
0.8915234375
0.8932421875
0.8984375
0.906875
0.908828125
0.9146875
0.9151171875
0.918828125
0.926796875
0.92859375
0.9362890625
0.9380859375
0.9462890625
0.949609375
0.9511328125
0.9532421875
0.9541015625
0.9596875
0.9680859375
0.971875
0.978046875
0.982421875
0.98546875
0.991015625
0.992421875
1.002421875
1.005625
1.0146484375
1.0184375
1.0199609375
1.02640625
1.0338671875
1.0433203125
1.0498828125
1.056328125
1.0577734375
1.061953125
1.067890625
1.0717578125
1.074921875
1.084140625
1.0890234375
1.098125
1.1058984375
1.1105078125
1.1180078125
1.1274609375
1.1303125
1.13515625
1.14328125
1.1533984375
1.161875
1.1712890625
1.17328125
1.1765234375
1.1774609375
1.1815234375
1.188046875
1.1898828125
1.1987890625
1.2022265625
1.20953125
1.2184375
1.2198828125
1.224140625
1.2321875
1.2370703125
1.2434765625
1.2477734375
1.2528515625
1.26234375
1.2667578125
1.2762890625
1.28484375
1.2855859375
1.2859375
1.288203125
1.295390625
1.2962109375
1.2976953125
1.30625
1.310390625
1.311953125
1.3185546875
1.327109375
1.3369921875
1.3376953125
1.34359375
1.35171875
1.3525
1.356328125
1.360703125
1.3658203125
1.37375
1.3761328125
1.3856640625
1.393125
1.3975390625
1.3983984375
1.407890625
1.4084375
1.412578125
1.4185546875
1.427578125
1.433828125
1.438359375
1.4389453125
1.4473046875
1.45734375
1.463984375
1.4706640625
1.474765625
1.4834765625
1.485390625
1.494921875
1.500703125
1.5105078125
1.5176953125
1.5271875
1.5305078125
1.535390625
1.5428125
1.54421875
1.54796875
1.5579296875
1.5676171875
1.5696875
1.5766796875
1.5774609375
1.5837890625
1.591640625
1.6012109375
1.603671875
1.6101171875
1.6119140625
1.6141015625
1.621953125
1.6275
1.6309765625
1.640078125
1.6462109375
1.6499609375
1.6527734375
1.654609375
1.6579296875
1.665234375
1.665390625
1.67125
1.674453125
1.6798046875
1.686953125
1.6967578125
1.6997265625
1.7043359375
1.711796875
1.717734375
1.7254296875
1.7296484375
1.730078125
1.7317578125
1.7416796875
1.7484765625
1.7523828125
1.76046875
1.7703515625
1.778125
1.784765625
1.790625
1.79234375
1.7962109375
1.796875
1.8066796875
1.8129296875
1.815546875
1.8225390625
1.823046875
1.8257421875
1.8263671875
1.8304296875
1.833671875
1.8338671875
1.8408203125
1.841015625
1.8491015625
1.856875
1.865
1.86984375
1.8792578125
1.8836328125
1.89125
1.895859375
1.901484375
1.909140625
1.91046875
1.912890625
1.917421875
1.9180078125
1.9280859375
1.9308984375
1.937578125
1.943828125
1.95125
1.9515234375
1.952578125
1.9541015625
1.9599609375
1.9676171875
1.968125
1.9741015625
1.9811328125
1.9854296875
1.9898046875
1.99234375
1.9930078125
1.9957421875
2.0018359375
2.0091796875
2.01421875
2.0230859375
2.0298828125
2.0316796875
2.034140625
2.0412890625
2.0512109375
2.056015625
2.060390625
2.0678515625
2.07125
2.0725
2.07703125
2.078984375
2.0814453125
2.083671875
2.0910546875
2.0940234375
2.10203125
2.103203125
2.1055859375
2.1139453125
2.1164453125
2.12421875
2.128984375
2.12921875
2.1314453125
2.138125
2.1462109375
2.1483984375
2.1561328125
2.166171875
2.1683203125
2.17609375
2.1847265625
2.189375
2.1968359375
2.2029296875
2.2101171875
2.214140625
2.2205078125
2.228984375
2.2361328125
2.243125
2.2511328125
2.2523828125
2.2558984375
2.263828125
2.26703125
2.275703125
2.279296875
2.284375
2.2896875
2.293828125
2.2973046875
2.29765625
2.304921875
2.3090625
2.31078125
2.3203125
2.3271875
2.3350390625
2.335703125
2.34453125
2.3480859375
2.35484375
2.3573828125
2.366953125
2.3768359375
2.38515625
2.39265625
2.3940234375
2.4005078125
2.409921875
2.4200390625
2.4244140625
2.4333203125
2.4386328125
2.4416015625
2.445234375
2.45484375
2.46359375
2.4729296875
2.4735546875
2.478515625
2.4823046875
2.4906640625
2.496640625
2.499921875
2.50421875
2.513125
2.523203125
2.52828125
2.5350390625
2.5405859375
2.54765625
2.551015625
2.5606640625
2.5626171875
2.564140625
2.5695703125
2.5716796875
2.5736328125
2.574609375
2.5812109375
2.5883203125
2.597265625
2.6000390625
2.6068359375
2.6143359375
2.615703125
2.6256640625
2.62640625
2.6353515625
2.6440234375
2.653828125
2.65609375
2.659453125
2.66140625
2.66625
2.6665234375
2.6765234375
2.685
2.6868359375
2.68921875
2.6913671875
2.6934375
2.694296875
2.7018359375
2.70609375
2.716015625
2.718359375
2.7196484375
2.722890625
2.73234375
2.7396484375
2.7401953125
2.7446484375
2.748515625
2.7579296875
2.75890625
2.765703125
2.76625
2.7719140625
2.778125
2.7860546875
2.79328125
2.7940625
2.801171875
2.8075
2.81421875
2.8173046875
2.823671875
2.8273828125
2.8324609375
2.833984375
2.836328125
2.8459765625
2.8530859375
2.85625
2.8566015625
2.8620703125
2.8647265625
2.8713671875
2.87765625
2.8876171875
2.8889453125
2.88921875
2.89390625
2.8963671875
2.9025
2.9053515625
2.90828125
2.9126953125
2.9144921875
2.9237890625
2.9281640625
2.9346484375
2.9406640625
2.9497265625
2.956796875
2.9615234375
2.9623046875
2.96875
2.97421875
2.9791015625
2.9825
2.991015625
2.9923046875
2.998046875
3.007109375
3.0114453125
3.0122265625
3.013984375
3.02203125
3.031875
3.03609375
3.037734375
3.04703125
3.0555078125
3.05953125
3.066796875
3.073515625
3.0830859375
3.09109375
3.0965625
3.0997265625
3.1095703125
3.1171484375
3.119609375
3.121171875
3.12484375
3.126171875
3.132734375
3.134375
3.1383203125
3.13890625
3.139765625
3.14125
3.1416015625
3.1503515625
3.154296875
3.158828125
3.163359375
3.16625
3.17609375
3.18015625
3.1835546875
3.1880859375
3.1946484375
3.1955859375
3.200546875
3.2096875
3.215859375
3.216875
3.2265625
3.227109375
3.227890625
3.22921875
3.2309765625
3.2355078125
3.2419140625
3.250546875
3.2533984375
3.25796875
3.2627734375
3.272890625
3.280234375
3.2810546875
3.2906640625
3.2937890625
3.303046875
3.3072265625
3.3106640625
3.311875
3.3141015625
3.32046875
3.3228125
3.324765625
3.3271484375
3.3332421875
3.3361328125
3.34484375
3.3459765625
3.355078125
3.363359375
3.3680859375
3.3737109375
3.382265625
3.386015625
3.3882421875
3.3973046875
3.4020703125
3.4046875
3.4051171875
3.4096875
3.416171875
3.418515625
3.4187109375
3.4191015625
3.42546875
3.43484375
3.4383984375
3.4430078125
3.448046875
3.4533203125
3.4563671875
3.4613671875
3.462578125
3.4663671875
3.47578125
3.4759765625
3.4841015625
3.4932421875
3.4996484375
3.5027734375
3.507734375
3.5121875
3.518125
3.5275390625
3.529296875
3.5363671875
3.5428125
3.546015625
3.55609375
3.5572265625
3.558046875
3.56484375
3.5658203125
3.5742578125
3.5832421875
3.5873046875
3.594140625
3.5944921875
3.59859375
3.6048046875
3.6064453125
3.6076171875
3.6092578125
3.615546875
3.617734375
3.6273828125
3.63609375
3.6415234375
3.6459765625
3.6537890625
3.663046875
3.669609375
3.6791015625
3.6809765625
3.6891015625
3.6926171875
3.7016015625
3.70640625
3.7098828125
3.710390625
3.71859375
3.723828125
3.728203125
3.730546875
3.7315234375
3.732890625
3.7353515625
3.7368359375
3.745078125
3.7481640625
3.758125
3.762109375
3.7652734375
3.774921875
3.7848828125
3.7891015625
3.796875
3.800625
3.8050390625
3.811328125
3.8161328125
3.824375
3.8258203125
3.8294140625
3.836484375
3.8440625
3.85375
3.8539453125
3.863359375
3.86734375
3.8679296875
3.871171875
3.8744140625
3.88421875
3.8927734375
3.89640625
3.899609375
3.90203125
3.9036328125
3.9125
3.9152734375
3.924140625
3.9313671875
3.939453125
3.9396484375
3.944609375
3.946953125
3.95359375
3.96234375
3.9707421875
3.97703125
3.983671875
3.9930078125
3.996015625
4.003046875
4.011328125
4.0214453125
4.0284375
4.0325
4.0366015625
4.0391015625
4.0410546875
4.0416015625
4.0419140625
4.050546875
4.055546875
4.0587890625
4.0608203125
4.0690625
4.0751953125
4.0792578125
4.085546875
4.0930078125
4.100234375
4.103359375
4.10875
4.1174609375
4.1209375
4.127421875
4.135546875
4.1368359375
4.1401171875
4.1420703125
4.152109375
4.152734375
4.1559765625
4.1645703125
4.1690625
4.1748828125
4.1764453125
4.183046875
4.1866796875
4.1890234375
4.1921484375
4.196171875
4.1976953125
4.204453125
4.2053125
4.208046875
4.2150390625
4.2158203125
4.217578125
4.22390625
4.2279296875
4.2335546875
4.2384765625
4.2434375
4.2503125
4.2509375
4.2533984375
4.2555859375
4.2589453125
4.2686328125
4.2756640625
4.280078125
4.285390625
4.293671875
4.301328125
4.310546875
4.31234375
4.3212890625
4.321875
4.32375
4.3292578125
4.329765625
4.33078125
4.3316796875
4.333046875
4.33390625
4.3416015625
4.346875
4.356796875
4.3617578125
4.3630078125
4.364375
4.373671875
4.3807421875
4.3830859375
4.3859375
4.386796875
4.3922265625
4.39875
4.40046875
4.40265625
4.40625
4.4134765625
4.4230078125
4.4327734375
4.43421875
4.4346875
4.436953125
4.441171875
4.4466015625
4.449609375
4.4575
4.465625
4.468828125
4.469296875
4.4753515625
4.4819140625
4.48578125
4.4924609375
4.4969921875
4.50484375
4.5149609375
4.523203125
4.5300390625
4.5383203125
4.5396875
4.5411328125
4.5419921875
4.5492578125
4.558125
4.564921875
4.572109375
4.5733203125
4.5780859375
4.581484375
4.58984375
4.5943359375
4.5980859375
4.601015625
4.6050390625
4.611796875
4.6134375
4.616484375
4.6171875
4.625234375
4.6322265625
4.636875
4.6412109375
4.6443359375
4.6538671875
4.6604296875
4.669453125
4.6709375
4.672421875
4.6759375
4.6847265625
4.693046875
4.7026171875
4.70328125
4.7052734375
4.71328125
4.7156640625
4.7227734375
4.732109375
4.739140625
4.7477734375
4.7561328125
4.7654296875
4.7723828125
4.7787109375
4.7825
4.7871484375
4.79203125
4.79671875
4.8025
4.8081640625
4.8133203125
4.8221484375
4.824375
4.8341015625
4.841015625
4.84140625
4.8422265625
4.8456640625
4.84921875
4.850546875
4.8522265625
4.858125
4.863984375
4.873046875
4.8751171875
4.876796875
4.8849609375
4.89453125
4.8978515625
4.90125
4.9075
4.91265625
4.91515625
4.9203125
4.925859375
4.9289453125
4.9325
4.9345703125
4.9362109375
4.944609375
4.9512109375
4.960859375
4.9623046875
4.9670703125
4.97671875
4.9806640625
4.9848046875
4.992734375
4.9932421875
5.000859375
5.0021484375
5.0071875
5.0113671875
5.020390625
5.0248828125
5.031953125
5.0368359375
5.0416796875
5.04484375
5.048515625
5.05828125
5.06484375
5.071484375
5.0758984375
5.082421875
5.0826171875
5.084609375
